.Random.seed <-
c(403L, 11L, 613986070L, 1917345937L, -533029565L, -2034440110L, 
1485265636L, -2022310617L, -1273191043L, -895144844L, -676415910L, 
539194021L, 1572690111L, 661728070L, 1767102928L, 1034955763L, 
658182929L, -2035899584L, 1655991070L, -70634519L, -1634625253L, 
1858007850L, -489278388L, -395854833L, -121948347L, 199237884L, 
1876987730L, -445169459L, 506900615L, 954266478L, 1182057800L, 
-814796469L, -1879587671L, -743057928L, 2011700518L, 951565889L, 
-830490669L, 592276866L, -622607948L, 323595575L, -193927123L, 
1612305732L, 927568490L, 2027257045L, -868476305L, -475754634L, 
-608628576L, 1378814307L, -1345312255L, -1645487760L, 1723844878L, 
456416121L, 1802261259L, -932324294L, 2111486780L, -1146933121L, 
691000277L, -63144468L, 1777667906L, 1428222109L, 154642711L, 
614965374L, -688703432L, -1227567333L, -1444111239L, 1372783816L, 
-1700846346L, 1379874097L, -1078352541L, -936237262L, 294187140L, 
885492935L, 1089740701L, 377383700L, 33126842L, 600412165L, 1584367071L, 
-1159276442L, 114010096L, -858099437L, -92688719L, -1752970912L, 
-1818517762L, -1786758519L, -1183410757L, 727101322L, -302934420L, 
474179567L, 2021859365L, 1507274972L, -1618667854L, 908663213L, 
1326624103L, -1354737010L, -869252248L, 358636395L, 738575625L, 
-1115128936L, 1309539014L, -1331666911L, -1023597389L, -671492574L, 
-2071648236L, -1896051561L, -1525356915L, 936593316L, -1124566646L, 
-1928886795L, 440236111L, -217206954L, -1265990144L, -1943709885L, 
-2124738847L, 1049742416L, 1451054254L, 1717014617L, 902107243L, 
-1741593126L, 1620053660L, -1816502113L, 1839758069L, -1493612660L, 
28296802L, 2102581821L, -440646473L, 2033974110L, 1921654424L, 
-971399685L, 1058766745L, 1661892648L, -1800036138L, 649979217L, 
146248707L, 559815570L, -1587758812L, 186187751L, -313727939L, 
-517672268L, 1762656538L, -1957809563L, 147281663L, 921389958L, 
-1064432368L, -1553177165L, 209835601L, 412784128L, 1411723998L, 
1220845865L, -1469526821L, 1672952810L, 1455655820L, -1674457905L, 
1187280005L, 1609809724L, 192757266L, 635903245L, -797972921L, 
264739886L, 525484424L, 1460623499L, 1856139881L, -568922568L, 
117941990L, -998538623L, -2091143661L, 203758018L, 1184977524L, 
-684493705L, 630824301L, 902070788L, 1372840234L, -19245419L, 
-1209533137L, 907511862L, -477782944L, 1343935139L, -301054527L, 
-1577201232L, -398683954L, 822431289L, -383897525L, 437780986L, 
416431356L, 857641279L, -1398264299L, -1578144468L, -816833022L, 
1955923165L, 401219543L, -1123861826L, 1656536312L, -1573707045L, 
-1967449799L, 1118952584L, 1651076150L, 325548145L, 362810019L, 
1818800114L, 757777220L, 104991751L, -2012026403L, 476124884L, 
566000122L, -558688955L, -302825057L, -1374969050L, 175258544L, 
1297967187L, 1545298801L, -1079790944L, -1313380802L, 1878035785L, 
-510356485L, 200251338L, -1024440020L, 1887061295L, 969722853L, 
-1282026852L, -147515662L, -587233427L, -502607705L, -53660978L, 
-1138261976L, -793969621L, -930247095L, 1000613720L, -517213690L, 
-218162207L, 582515059L, 1967610796L, -1891714372L, -1348015630L, 
2035496496L, 1312266148L, 1832767928L, -1695530150L, 304534672L, 
-2134774916L, -265992428L, 1600695618L, -1498853632L, 1741444028L, 
-24260784L, 557869346L, 803627592L, 722923532L, 1995084892L, 
-1708903982L, -1872421376L, -1624571564L, 1172484328L, -50585350L, 
-1308023088L, 1847447852L, 1750130932L, 1078201746L, -747095712L, 
1219803148L, 94585568L, -637130142L, 1761960L, 1718700620L, -1726320772L, 
-365570766L, -2093857168L, -399125692L, -1391310888L, -403388550L, 
-7784912L, 548382652L, -1472776620L, -1778134974L, 1982468256L, 
-581323076L, -615003696L, -1073994910L, 2109989608L, 399925452L, 
-1698618884L, 1538290162L, 1617087104L, 824335860L, 259749512L, 
1808957242L, 1458459472L, 394947692L, -1424916076L, 282670162L, 
-2097520160L, -1449214772L, 817603744L, -295709310L, -946517784L, 
-1736034580L, -1926277828L, -889861006L, 1772906608L, 1779154980L, 
-1343673288L, 2006519578L, -1279079216L, 1502027580L, -1808545900L, 
201274242L, 930064832L, 1124023868L, 1986545040L, -485974494L, 
19211528L, -711553396L, 506822428L, -1515577198L, -1253623424L, 
-251402732L, -1424359640L, 325646906L, -1060127280L, -2105693844L, 
-1897118796L, 1048918034L, 136738272L, -1336727604L, -1069612832L, 
682293282L, 1192943912L, 1325850124L, 574383932L, -908876814L, 
1452342000L, -744419772L, 1405125208L, -320377030L, -1319016976L, 
-929327428L, 577599764L, 1290388162L, 2052756576L, -166861956L, 
1495431120L, -2108825310L, -1261135192L, 1178966924L, -1870939972L, 
1099321138L, 1679428160L, 264625332L, 524255816L, 1828054458L, 
1202676240L, 121287404L, -176299692L, -1345986286L, -699708000L, 
1308885708L, 1317133920L, 1605023682L, -941373656L, -693227604L, 
-1704967364L, 1019947378L, -1566188752L, -2089267932L, -102028488L, 
-1926267174L, 1638631312L, 1976749820L, 775138196L, 248545346L, 
-2108132096L, -1286929348L, 1158627664L, 526946466L, -792133304L, 
985519884L, -1474190628L, -2131432110L, -285457280L, 1833730132L, 
1170673640L, 760908026L, -1151685808L, 1073528620L, -1670575756L, 
-540071022L, -356349856L, 864808332L, -1442243744L, 992254434L, 
93713320L, 1240593612L, 1390862332L, -963074638L, -985278992L, 
676383684L, 2077082968L, 1402001786L, -314866768L, 152365500L, 
1555404884L, -427690046L, -2026967008L, -597944132L, -1193741744L, 
-1766165534L, 2110210152L, -35273652L, -187123460L, -663958542L, 
-1467725568L, 2010653044L, -1506300920L, -732700742L, 642953680L, 
-1229390868L, -1266253420L, 1710428626L, 1438708064L, 1385082700L, 
234256672L, -2008957054L, -1739362584L, 1697513708L, -1409485764L, 
1278049138L, -1547903376L, 1759302692L, -2081805512L, -467506022L, 
-611323184L, 606134460L, 214888084L, -2127030654L, 1046292672L, 
247653180L, -1048748912L, 1482219042L, 1048956936L, -1592689396L, 
-378573668L, -1379434990L, -2100002944L, -272413164L, -1191155160L, 
604812602L, 854100432L, -909986708L, 668600628L, -1964722542L, 
1837632352L, -475737268L, 862820320L, -1504348254L, -521107544L, 
-2121192052L, 964602044L, 1927252338L, -165423426L, -358557780L, 
786005245L, 1937139783L, -1290758352L, 2068992078L, 555908219L, 
7696349L, 823508490L, -435010776L, -1612616303L, -909470845L, 
-546711420L, -2128152910L, -1616442873L, 1395432017L, -2027638314L, 
966745268L, 1715546309L, -463619569L, 1402770056L, 1144719270L, 
620769107L, -2094665547L, -1992643054L, 1642695648L, -944603575L, 
-678044549L, -41820852L, 1667229914L, 1950210255L, 281306265L, 
-364181330L, -615713348L, 751357485L, -1107195433L, 1116905504L, 
-109476482L, 724515659L, -1115553459L, -705765510L, -1771097672L, 
1675244385L, 1858765587L, 592993076L, -1027376830L, 527326551L, 
1906833569L, -719777434L, -48284L, -1573492075L, 1557310399L, 
-951582888L, 432035190L, -361269373L, 453905861L, -1366519070L, 
-657335472L, -642177415L, -704706133L, 1836932892L, 1258514506L, 
890936383L, -2132247415L, 247617694L, -1952058036L, 1952797981L, 
822849703L, -1371406384L, -246122642L, -133546469L, -1304492163L, 
-942715542L, -389274616L, -1444696911L, 854215459L, -1066878940L, 
1566980818L, 206860071L, 1267626353L, 510392246L, 1842195284L, 
703804901L, -1472950289L, 72412968L, -857860218L, -1594596429L, 
-1998896363L, 334503282L, -1771544128L, -1651576279L, 1422784155L, 
1218125676L, -1767618694L, -1254661969L, 567614393L, -925340210L, 
815405340L, 1895926925L, 56459511L, 1416473600L, 961597022L, 
8450347L, -279571923L, 718082714L, 712502872L, -72912447L, 440753779L, 
265264020L, 266785314L, 110984503L, -101172223L, -1465114362L, 
-1486183100L, -843290507L, 1188342239L, -1750436552L, 705922838L, 
-1608956125L, 1769592037L, -1105334014L, -577952912L, 839260953L, 
-1574470901L, -418002948L, 1272038442L, -1436104609L, -528408599L, 
1749860606L, -411668244L, -621112259L, -246061049L, 2120266736L, 
-84164722L, 883793339L, 158317469L, -186138294L, 1705478504L, 
-1178927279L, -81642429L, 799778116L, 1349281266L, -1954369593L, 
-1078128239L, -703535850L, -1210933900L, 1985076229L, -1846449073L, 
